id,info,rname,sname,star
25420958,弗兰肯斯坦,E*****,安卓bili服,SR
25420959,源赖光,欧*****,安卓bili服,SSR
25420960,女王梅芙,T*****,安卓bili服,SSR
25420961,海伦娜·布拉瓦茨基,u*****,安卓bili服,SR
25420962,弗兰肯斯坦,轻*****,安卓bili服,SR
25420963,骑士迪昂,f*****,安卓bili服,SR
25420964,南丁格尔,甘*****,安卓bili服,SSR
25420965,贝奥武夫,甘*****,安卓bili服,SR
25420966,阿尔托莉雅·潘德拉贡〔Alter〕,q*****,安卓bili服,SR
25420967,茨木童子,8*****,安卓bili服,SR
25420968,茨木童子,e*****,安卓bili服,SR
25420969,玛尔达,r*****,安卓bili服,SR
25420970,玛尔达,r*****,安卓bili服,SR
25420971,茨木童子,1*****,安卓bili服,SR
25420972,源赖光,戎*****,安卓bili服,SSR
25420973,源赖光,1*****,ios服,SSR
25420974,茨木童子,e*****,安卓bili服,SR
25420975,芬恩·麦克库尔,o*****,安卓bili服,SR
25420976,南丁格尔,屠*****,安卓bili服,SSR
25420977,斯忒诺,O*****,ios服,SR
25420978,海伦娜·布拉瓦茨基,傲*****,安卓联运服,SR
25420979,源赖光,c*****,ios服,SSR
25420980,罗摩,l*****,安卓bili服,SR
25420981,茨木童子,苏*****,安卓bili服,SR
25420982,茨木童子,L*****,安卓bili服,SR
25420983,卫宫,H*****,ios服,SR
25420984,茨木童子,东*****,安卓bili服,SR
25420985,茨木童子,思*****,安卓bili服,SR
25420986,茨木童子,i*****,安卓bili服,SR
25420987,源赖光,f*****,安卓bili服,SSR
25420988,茨木童子,t*****,ios服,SR
